%YAML:1.0
cam1: !!opencv-matrix
   rows: 3
   cols: 3
   dt: d
   data: [ 1.0025199720744853e+00, 7.6628975174724949e-04,
       -1.9531250000465591e-03, 3.7281074999310033e-03,
       1.0007982923623548e+00, -1.4648437500021967e-02,
       1.2301228091438920e-06, 3.7832238396059744e-07, 1. ]
cam2: !!opencv-matrix
   rows: 3
   cols: 3
   dt: d
   data: [ 1.0026686034446772e+00, 1.2766442141099509e-03,
       -2.6093750000000240e+00, 3.7916817796596535e-03,
       1.0017133146574515e+00, 1.4492187499999878e+00,
       5.6263752729738902e-07, 1.1826128305478631e-06, 1. ]
cam3: !!opencv-matrix
   rows: 3
   cols: 3
   dt: d
   data: [ 9.9372574214265275e-01, 1.2421217710338345e-05,
       -1.5625000000025313e-02, 2.8699423383744187e-03,
       1.0021892306964479e+00, 2.9707031249999853e+00,
       -3.0674384662557070e-06, 1.7812524054732492e-06, 1. ]
cam4: !!opencv-matrix
   rows: 3
   cols: 3
   dt: d
   data: [ 9.9870385551697849e-01, -8.1101610332453070e-06,
       1.1718749999966249e-02, 3.0317786605473717e-03,
       9.9869622922943158e-01, -6.2031250000000169e+00,
       -6.2853346056965542e-07, -6.2895499502882129e-09, 1. ]
cam5: !!opencv-matrix
   rows: 3
   cols: 3
   dt: d
   data: [ 9.9772628264580121e-01, 9.5414043326967277e-07,
       -9.7656250002886580e-04, 3.5451670331432790e-03,
       9.9730789180209123e-01, -6.0234375000000151e+00,
       -1.1098263290225582e-06, 2.3358846500212410e-10, 1. ]
cam6: !!opencv-matrix
   rows: 3
   cols: 3
   dt: d
   data: [ 1.0032538499029078e+00, -2.6687410244101316e-03,
       5.4707031249999689e+00, 3.4242077000904625e-03,
       1.0014787602729893e+00, -8.8476562500000195e+00,
       2.9823890116415267e-06, -1.3914274365891573e-06, 1. ]
cam7: !!opencv-matrix
   rows: 3
   cols: 3
   dt: d
   data: [ 9.9781861524614002e-01, -2.8624206155378022e-06,
       5.8593749999622524e-03, 6.7368374536925894e-04,
       9.9881114146768146e-01, -6.8046875000000195e+00,
       -1.0640187116412483e-06, -4.6814892308550324e-10, 1. ]
cam8: !!opencv-matrix
   rows: 3
   cols: 3
   dt: d
   data: [ 1.0081400011082988e+00, 1.0085906682977114e-03,
       8.7890624999819034e-03, 2.8339756934167839e-03,
       1.0057097217740041e+00, 1.2539062499999898e+00,
       3.9795889460165454e-06, 4.9177666586400616e-07, 1. ]
cam9: !!opencv-matrix
   rows: 3
   cols: 3
   dt: d
   data: [ 1.0021686205297524e+00, 1.4315362492060770e-03,
       -1.1718750000035971e-02, -2.3071007067159881e-03,
       1.0037256442883000e+00, 4.7324218749999840e+00,
       1.0556830885857313e-06, 7.6670347650015391e-07, 1. ]
cam10: !!opencv-matrix
   rows: 3
   cols: 3
   dt: d
   data: [ 1.0026548564062563e+00, 4.7710981110504649e-06,
       -3.9062500000200950e-03, -1.7979725567634174e-04,
       1.0020531223455076e+00, 1.8896484374999902e+00,
       1.2957839715250244e-06, 6.7769185540486627e-08, 1. ]
cam11: !!opencv-matrix
   rows: 3
   cols: 3
   dt: d
   data: [ 1.0034355202008205e+00, -1.2961953759877949e-03,
       2.6484374999999645e+00, -4.9793858037332737e-04,
       1.0017649268336251e+00, -8.2705078125000178e+00,
       2.5160524277200426e-06, -8.3819455211504371e-07, 1. ]
cam12: !!opencv-matrix
   rows: 3
   cols: 3
   dt: d
   data: [ 9.9961012641579206e-01, 1.4312330605188890e-06,
       1.9531249999591438e-03, -2.0973216992539443e-03,
       9.9930492200785226e-01, 4.9287109374999751e+00,
       -1.9115967790047323e-07, 4.6596503843907423e-09, 1. ]
cam13: !!opencv-matrix
   rows: 3
   cols: 3
   dt: d
   data: [ 9.9788269651234895e-01, -2.7736581642199137e-03,
       5.6679687499999565e+00, 1.1340260953784129e-03,
       9.9470251092326623e-01, -4.4736328125000204e+00,
       1.7654670673869953e-06, -2.8070126845538277e-06, 1. ]
cam14: !!opencv-matrix
   rows: 3
   cols: 3
   dt: d
   data: [ 1.0001702539452875e+00, 1.4312066647197141e-06,
       4.8828124999698019e-03, 1.6882216523063029e-04,
       9.9216173780541672e-01, 1.6043945312499986e+01,
       8.3638417360990885e-08, -4.6631597121700699e-10, 1. ]
